# x1, x2, y
5.649468427226647549e+00 -2.889748947041437255e-01 0.000000000000000000e+00
4.979406735661333627e+00 4.533305205372051283e-01 0.000000000000000000e+00
3.494795905178636364e+00 -8.867928625934207165e-01 0.000000000000000000e+00
1.267879659454589802e+00 -2.896977937289359595e+00 0.000000000000000000e+00
5.255742442132409487e-01 -3.567039628854672628e+00 0.000000000000000000e+00
-1.444874473520718627e-01 -2.824734213613323774e+00 0.000000000000000000e+00
2.752490489937287510e+00 -1.556854554158733528e+00 0.000000000000000000e+00
2.680246766261251690e+00 -2.969221660965395415e+00 0.000000000000000000e+00
-4.979406735661333627e+00 -4.533305205372051283e-01 1.000000000000000000e+00
2.299159969400082382e+00 3.422552181502600543e+00 1.000000000000000000e+00
-1.412367106806661887e+00 7.224372367603593137e-02 1.000000000000000000e+00
9.590365862694567589e-01 4.907163011985298695e+00 1.000000000000000000e+00
-2.824734213613323774e+00 1.444874473520718627e-01 1.000000000000000000e+00
-3.494795905178636364e+00 8.867928625934207165e-01 1.000000000000000000e+00
7.224372367603593137e-02 1.412367106806661887e+00 1.000000000000000000e+00
-1.267879659454589802e+00 2.896977937289359595e+00 1.000000000000000000e+00
