# x1, x2, y
-8.237158451025653250e+00 -6.961929608132169101e-01 1.000000000000000000e+00
-2.749940947216621190e+00 1.050634569673543073e+00 0.000000000000000000e+00
-3.165835455531524012e+00 2.837163104247095724e-01 0.000000000000000000e+00
-8.606305047753288306e+00 -6.503820791275566338e-01 1.000000000000000000e+00
-9.370172690351932232e+00 -1.784785179207193817e+00 1.000000000000000000e+00
-4.957885411018219557e+00 5.355859416835551112e-02 0.000000000000000000e+00
-3.664461201059507900e+00 1.181051305049999556e+00 0.000000000000000000e+00
-2.628005370185035439e+00 4.422927576083970358e-01 0.000000000000000000e+00
-1.462624511016743289e+00 1.157086884348833999e+00 0.000000000000000000e+00
-1.241511690478891206e+00 1.642833760132215160e+00 0.000000000000000000e+00
-1.855371042256009684e+00 2.911359473164826461e+00 0.000000000000000000e+00
-8.770135180890772375e-01 1.467462913940020153e+00 0.000000000000000000e+00
-3.403689312426516178e+00 7.683923268132759610e-01 0.000000000000000000e+00
-8.237076783532572222e+00 -2.778330979869394479e+00 1.000000000000000000e+00
-2.217337721745257895e+00 4.947525466841834474e-01 0.000000000000000000e+00
-7.215049103536370190e+00 -4.106382871609903784e-01 1.000000000000000000e+00
-2.086343715640575525e+00 -1.587915551652587798e-01 0.000000000000000000e+00
-7.320428312716432018e+00 -1.408133130479031436e+00 1.000000000000000000e+00
-4.539141942974240784e-01 1.420271684506820398e+00 0.000000000000000000e+00
-2.360451223114848229e+00 2.609340305938023352e+00 0.000000000000000000e+00
-7.159511258172978287e+00 -5.645641828577502297e-01 1.000000000000000000e+00
-1.415634117900799183e+00 5.277302348184154113e-01 0.000000000000000000e+00
-6.887745467504559294e+00 -6.734172403456274436e-01 1.000000000000000000e+00
-7.293934219082138348e+00 -1.814230316793489894e+00 1.000000000000000000e+00
-6.700845232744558899e+00 -1.328509890849903119e+00 1.000000000000000000e+00
-3.319522217859877333e+00 1.258884651551746892e+00 0.000000000000000000e+00
-6.371995114108440106e+00 -3.227131364569633121e+00 1.000000000000000000e+00
-3.381406079476731108e+00 -1.919390548218506964e-01 0.000000000000000000e+00
-1.318063546692506360e+00 3.715713822103520858e+00 0.000000000000000000e+00
-7.670410664902307829e+00 -1.634965861093071293e+00 1.000000000000000000e+00
-8.988989765107829655e+00 2.217249970810024173e+00 1.000000000000000000e+00
-7.531646907220995502e+00 -3.316392778087263737e-01 1.000000000000000000e+00
-7.291579222196661547e+00 -9.132422156244844880e-01 1.000000000000000000e+00
-5.857405541845129626e+00 4.508623496226826788e-02 1.000000000000000000e+00
-1.681923647456439186e+00 1.252958773267983883e+00 0.000000000000000000e+00
-7.210202644216110457e+00 -1.405887473335474702e+00 1.000000000000000000e+00
-2.413173525406952624e+00 2.544970297442852747e+00 0.000000000000000000e+00
-1.310634422899901397e+00 8.175853294578161456e-01 0.000000000000000000e+00
-2.864447241132440425e+00 -6.838633470443198359e-01 0.000000000000000000e+00
-6.460601195844682287e+00 -1.007790902991723581e+00 1.000000000000000000e+00
-5.153660448687618967e+00 -1.828329404669124303e+00 1.000000000000000000e+00
-6.609764184231547546e+00 9.011745460195386137e-02 1.000000000000000000e+00
-3.222700721902405085e+00 -1.888547134713269848e-02 0.000000000000000000e+00
-1.772451847987067453e+00 -5.196790342352994863e-01 0.000000000000000000e+00
-3.229240381708452290e+00 2.368611940261604598e+00 0.000000000000000000e+00
-6.754903440597990638e+00 -1.090759981300289505e+00 1.000000000000000000e+00
-8.571232997566275991e-01 2.089135656372484995e-01 0.000000000000000000e+00
-2.939065272567156661e+00 -2.724719052114563667e-01 0.000000000000000000e+00
-2.748890772930997262e+00 1.675682003179355783e+00 0.000000000000000000e+00
-8.995166802036814957e+00 -6.500594324001655044e-01 1.000000000000000000e+00
-7.277507228494097369e+00 8.561354473098981011e-01 1.000000000000000000e+00
-5.017687719668809443e+00 -1.579296716508837850e-02 1.000000000000000000e+00
-8.534039469205227491e+00 -6.403446158959479328e-01 1.000000000000000000e+00
-8.232816479993626757e+00 -2.864022197938550729e+00 1.000000000000000000e+00
-2.998350111705565535e+00 -1.657682467950460925e+00 0.000000000000000000e+00
-1.963307184241624537e+00 -2.633615949303902415e-01 0.000000000000000000e+00
-7.186047004203576449e+00 1.235723408036493165e-01 1.000000000000000000e+00
-8.781526467301491223e+00 -2.641700801014057021e+00 1.000000000000000000e+00
-8.076715899411556876e+00 -1.161138659293744047e+00 1.000000000000000000e+00
-8.235623253085199380e+00 -9.469680698725562173e-01 1.000000000000000000e+00
-2.149682335842242331e+00 1.234796680394009138e+00 0.000000000000000000e+00
-7.128098689932881982e+00 -1.757948955614554887e+00 1.000000000000000000e+00
-1.865712716613564304e+00 2.150991051812204402e-01 0.000000000000000000e+00
-3.302651821727687231e+00 5.733624887347794630e-01 0.000000000000000000e+00
-2.274000934001663143e+00 -1.418135233479100865e+00 0.000000000000000000e+00
-1.347987611457177604e+00 2.525509660331581863e+00 0.000000000000000000e+00
-3.494736513269567357e+00 2.905143846983059275e-01 0.000000000000000000e+00
-3.236114516849486478e+00 1.155845915777920174e+00 0.000000000000000000e+00
-3.253095008542067124e+00 1.187453578467205340e+00 0.000000000000000000e+00
-7.049906889477963290e+00 -9.475501513551565225e-02 1.000000000000000000e+00
-6.252037191537435312e+00 -9.144896729454856654e-01 1.000000000000000000e+00
-8.878821836849743576e+00 -1.174156197502453702e+00 1.000000000000000000e+00
-8.851749661861740393e+00 -4.355401444249002996e-01 1.000000000000000000e+00
-7.844357611173874645e+00 -2.434419003653983005e+00 1.000000000000000000e+00
-3.379607191702292734e+00 5.621654625265437577e-01 0.000000000000000000e+00
-2.937063729978607540e+00 1.516461428718349991e+00 0.000000000000000000e+00
-2.646552334964875186e+00 1.303210364973993451e+00 0.000000000000000000e+00
-3.096304430803923147e+00 9.537018704983039052e-01 0.000000000000000000e+00
-8.204586955319687291e+00 -3.106222091474621028e+00 1.000000000000000000e+00
-1.309338200801013041e+00 2.193883072730293371e+00 0.000000000000000000e+00
-4.736372953292192989e+00 9.889690882246071624e-02 0.000000000000000000e+00
-7.148086270369670814e+00 -2.984923221206629673e+00 1.000000000000000000e+00
-7.703332675433634869e+00 -1.617259050421202105e+00 1.000000000000000000e+00
-1.889928509730609107e+00 -3.371168295831126205e-01 0.000000000000000000e+00
-6.980406636082464367e+00 -7.631656301349967197e-01 1.000000000000000000e+00
-7.615943578085346388e+00 -1.264541563335312757e+00 1.000000000000000000e+00
-7.399088381377046275e+00 -8.720217623647066318e-01 1.000000000000000000e+00
-8.286242724876153432e+00 1.059197310822884930e+00 1.000000000000000000e+00
-2.431085783160800595e+00 6.072812388418353802e-01 0.000000000000000000e+00
-2.380504830873191757e+00 3.427069406570486532e-01 0.000000000000000000e+00
-6.680719018288523436e+00 -1.393108768332293579e+00 1.000000000000000000e+00
-9.536463142362865852e+00 -6.692089481385240513e-01 1.000000000000000000e+00
-2.490374752558340177e+00 1.172540481201504114e+00 0.000000000000000000e+00
-7.794741258303335307e+00 -8.451449371337496075e-01 1.000000000000000000e+00
-2.147772105062552228e+00 2.074816001628564166e+00 0.000000000000000000e+00
-7.345888358371664317e+00 -1.457427212018362894e-01 1.000000000000000000e+00
-2.859827770845882355e+00 -1.231694550766827323e+00 0.000000000000000000e+00
-8.138607695267278785e+00 7.779814857481626156e-01 1.000000000000000000e+00
-6.723149123352322398e+00 7.324883066141025800e-01 1.000000000000000000e+00
-2.964783536087723270e+00 1.467684230829803926e+00 0.000000000000000000e+00
-8.939717178546567666e+00 -1.153439061433180646e+00 1.000000000000000000e+00
-3.800000486128557675e+00 2.294262414645900972e+00 0.000000000000000000e+00
-3.856077894239808401e+00 7.583606702986582793e-01 0.000000000000000000e+00
-2.114569959953771949e+00 8.677709705026812603e-01 0.000000000000000000e+00
-3.727966327245777478e+00 2.030720677769704441e+00 0.000000000000000000e+00
-1.379682766305896369e+00 -1.862438653376892184e-01 0.000000000000000000e+00
-6.930883640442200289e+00 -2.762857360211760316e+00 1.000000000000000000e+00
-8.831725175522832316e+00 -2.422752743773830097e+00 1.000000000000000000e+00
-9.292706638118085394e+00 -7.481912544504591978e-01 1.000000000000000000e+00
-6.848794655650848107e+00 -6.405493117199270170e-01 1.000000000000000000e+00
-1.362142149105701749e+00 2.489555116954578207e-01 0.000000000000000000e+00
-7.974084847989289848e+00 2.601611486804158435e-01 1.000000000000000000e+00
-5.098896229795682800e+00 2.518974546682304361e+00 0.000000000000000000e+00
-7.903271344374984686e+00 -1.711265097085856501e+00 1.000000000000000000e+00
-9.081049207021511194e+00 -1.278145204559648640e+00 1.000000000000000000e+00
-2.094211812851429322e+00 5.661699416155259179e-01 0.000000000000000000e+00
-3.438970107720891622e+00 8.301706078859142357e-01 0.000000000000000000e+00
-2.013662800411165854e+00 8.669342029545058503e-01 0.000000000000000000e+00
-2.676107677132694374e+00 -3.147186854646149001e-01 0.000000000000000000e+00
-2.187842211121937552e+00 1.550480899921782729e+00 0.000000000000000000e+00
-2.738328567491168375e+00 1.959471562344546891e+00 0.000000000000000000e+00
-3.074559027866416105e+00 1.255756895715659516e-01 0.000000000000000000e+00
-2.385343601760572252e+00 1.090864477410930622e+00 0.000000000000000000e+00
-8.143050421796568017e+00 -1.040868060654912330e+00 1.000000000000000000e+00
-8.887213890388734328e-01 1.765917850728757177e+00 0.000000000000000000e+00
-8.886613703680904308e+00 -1.524266692430586767e+00 1.000000000000000000e+00
-1.705734251628066911e+00 2.472149918504222832e+00 0.000000000000000000e+00
-1.582366258767976763e+00 9.750879591153622794e-01 0.000000000000000000e+00
-6.671805438331490201e+00 -5.077179349822735777e-01 1.000000000000000000e+00
-2.861923567198287444e+00 -1.686168050688043873e-01 0.000000000000000000e+00
-2.974976761597316610e+00 1.072557139510576629e+00 0.000000000000000000e+00
-8.264168117671950142e+00 -1.666999914606272171e+00 1.000000000000000000e+00
-7.279395545180292970e+00 -2.248455100916742389e+00 1.000000000000000000e+00
3.079830181677789547e-01 -9.037583634955916878e-01 0.000000000000000000e+00
-2.209265373880324734e+00 3.997661142722508387e-01 0.000000000000000000e+00
-2.285303293076511366e+00 4.901816518043636828e-01 0.000000000000000000e+00
-7.113329085875596647e+00 -2.371460141730526328e+00 1.000000000000000000e+00
-7.157299529412123107e+00 1.439124872627029372e+00 1.000000000000000000e+00
-7.593399396725534878e+00 6.003457621596328675e-01 1.000000000000000000e+00
-3.609223025643157001e+00 3.053920148669496015e+00 0.000000000000000000e+00
-3.277039938412027453e+00 3.711222530654181284e-01 0.000000000000000000e+00
-7.622126373690192302e+00 -1.135413906011057072e+00 1.000000000000000000e+00
-7.478099691619848777e+00 2.168210085647226393e-02 1.000000000000000000e+00
-7.353995109866692914e+00 -6.967894626321446960e-01 1.000000000000000000e+00
-4.439086869545931791e+00 2.017011549391832803e-01 0.000000000000000000e+00
-2.329973270707939914e+00 1.233483675070222718e+00 0.000000000000000000e+00
-8.305738815285099719e+00 -8.315077122387741770e-01 1.000000000000000000e+00
-8.950901815710545772e-01 -3.250722456576804476e-02 0.000000000000000000e+00
-7.368941464809783959e+00 1.548275846375807507e+00 1.000000000000000000e+00
-7.572107543201268776e+00 -7.583315583726372155e-01 1.000000000000000000e+00
-7.594910963542544913e+00 -1.246345295371848572e+00 1.000000000000000000e+00
-2.443318244097033354e+00 2.840834012574010803e+00 0.000000000000000000e+00
-1.864359150924919994e+00 3.042995074226966246e-01 0.000000000000000000e+00
-1.172954321333048888e+00 1.680902841324013908e+00 0.000000000000000000e+00
-7.166050147856014796e+00 -1.313654324576322585e+00 1.000000000000000000e+00
-2.092839729903607893e+00 1.103371796065455435e+00 0.000000000000000000e+00
-3.121236316247504305e+00 7.972455785425479613e-01 0.000000000000000000e+00
-1.414014581287295069e+00 8.194164199121301007e-01 0.000000000000000000e+00
-9.537861640320819845e+00 -3.078545836389415147e+00 1.000000000000000000e+00
-8.728329588218931789e+00 -1.677436449407337715e+00 1.000000000000000000e+00
-9.463940035057654132e-01 4.083648627625768857e-02 0.000000000000000000e+00
-8.204170826958717910e+00 -3.992878356578415389e-01 1.000000000000000000e+00
-2.223125699082159734e+00 6.115262997632799902e-01 0.000000000000000000e+00
-6.413196224636858567e+00 -5.425455316341485368e-01 1.000000000000000000e+00
-3.822348032457112410e+00 1.932482490622429161e+00 0.000000000000000000e+00
-7.844642197316753496e+00 1.071021125836395527e+00 1.000000000000000000e+00
-6.187336338770223598e+00 -5.014437074204831646e-01 1.000000000000000000e+00
-3.282864999600173306e+00 2.054949740110770806e-01 0.000000000000000000e+00
-3.798872747353948753e+00 1.231558721632043829e+00 0.000000000000000000e+00
-2.418140681131758729e+00 5.609113664277991518e-01 0.000000000000000000e+00
-1.876098871267347867e+00 2.061888496559076689e+00 0.000000000000000000e+00
-8.146834261317982495e+00 -3.268694276833739032e-03 1.000000000000000000e+00
-7.274615000065202786e+00 -6.163835643889552518e-01 1.000000000000000000e+00
-5.868011340372093265e+00 -1.423190863938101902e+00 1.000000000000000000e+00
-2.528674366685452313e+00 1.268673155387157747e+00 0.000000000000000000e+00
-8.524037749770023709e+00 4.660499372387458816e-01 1.000000000000000000e+00
-1.794465456548361537e+00 1.215110797637295459e+00 0.000000000000000000e+00
-7.483050891535032001e+00 -1.960599614378733868e+00 1.000000000000000000e+00
-1.897216607200895133e+00 -9.346815610983738587e-01 0.000000000000000000e+00
-9.058940717720185276e+00 6.445734546693113742e-01 1.000000000000000000e+00
-9.604463224714741898e+00 -5.853475714370767191e-01 1.000000000000000000e+00
-2.528540729503631734e+00 2.487747141207048429e+00 0.000000000000000000e+00
-1.733112217778312258e+00 9.076842236757229898e-01 0.000000000000000000e+00
-5.571961173185695948e+00 -1.340014236854601748e+00 1.000000000000000000e+00
-2.745526264699182040e+00 1.259815095541658936e+00 0.000000000000000000e+00
-5.150739731574327962e+00 -2.152271846758600837e+00 1.000000000000000000e+00
-6.456112417104414192e+00 -1.150667332039985169e+00 1.000000000000000000e+00
-6.156483292488388770e+00 1.280630032661298046e+00 1.000000000000000000e+00
-7.630934608660121299e+00 -2.309071168142402986e+00 1.000000000000000000e+00
-1.136854424554331722e+00 7.471994089806222039e-02 0.000000000000000000e+00
-6.434923678596266683e+00 -1.635269957852876432e+00 1.000000000000000000e+00
-8.233545240568082235e+00 -1.621367052312336021e+00 1.000000000000000000e+00
-7.111772472688858038e+00 7.178292751418937634e-01 1.000000000000000000e+00
-6.681138727510668396e+00 -3.407795812514500700e+00 1.000000000000000000e+00
-7.763225743266848333e+00 -1.270670956155512066e+00 1.000000000000000000e+00
-2.058017232733093227e+00 2.879684076980993934e-01 0.000000000000000000e+00
-7.634503678668994375e+00 -2.364150618897399969e+00 1.000000000000000000e+00
-7.508798804146338490e+00 -1.651409432969007440e+00 1.000000000000000000e+00
-6.884334464127690900e+00 -1.220230682228405472e+00 1.000000000000000000e+00
-7.619318972881604424e+00 2.644315273852226866e-03 1.000000000000000000e+00
7.633410147074506824e+00 9.865752002944481180e-01 2.000000000000000000e+00
1.635475477231010721e+00 -2.680643217961068414e-01 3.000000000000000000e+00
6.786207147440038945e+00 1.727583961468275309e+00 2.000000000000000000e+00
6.416619160460349747e+00 1.964005921915489505e+00 2.000000000000000000e+00
7.284549888288534447e+00 1.124697803043874567e+00 2.000000000000000000e+00
7.652269739130714399e+00 1.243558441394936320e-01 2.000000000000000000e+00
2.129653350424309366e+00 -1.125468792821634478e+00 3.000000000000000000e+00
3.584199917653373646e+00 -2.651064215927529943e-01 3.000000000000000000e+00
7.988513057498030534e+00 1.709694417442877423e-01 2.000000000000000000e+00
1.056736732799254952e+00 -4.347192562133197491e-01 3.000000000000000000e+00
1.806375451810831034e+00 6.634864505927375866e-01 3.000000000000000000e+00
2.263689533261880271e+00 -1.709248390507124959e+00 3.000000000000000000e+00
7.621834445433476546e+00 1.254256398213110524e+00 2.000000000000000000e+00
3.597703373656398362e+00 -3.902221435087406265e-01 3.000000000000000000e+00
8.263605829714991913e+00 2.125602230938913095e+00 2.000000000000000000e+00
8.502446292726677513e+00 1.053771449019088813e+00 2.000000000000000000e+00
2.260598342473406408e+00 -2.019754968085161195e-01 3.000000000000000000e+00
8.778595872033486458e+00 2.338066368481455548e+00 2.000000000000000000e+00
3.718772406748696024e+00 -1.081336603484461589e+00 3.000000000000000000e+00
7.491246822847132059e+00 6.201871864417363156e-02 2.000000000000000000e+00
6.891445396358111708e+00 3.364361597306161356e-01 2.000000000000000000e+00
8.031889332099332535e+00 9.486386904457710934e-01 2.000000000000000000e+00
6.602321784069378197e+00 -1.686308102070832593e-01 2.000000000000000000e+00
7.131765295715986497e+00 6.421344475578052435e-01 2.000000000000000000e+00
5.575470617172321397e+00 1.492644698293611238e+00 2.000000000000000000e+00
6.496102121402415719e+00 5.969695161864485566e-01 2.000000000000000000e+00
8.027155569277299563e+00 -7.962570939897579692e-01 2.000000000000000000e+00
6.065133835715759147e+00 4.861754842843565294e-01 2.000000000000000000e+00
5.847804059246367814e+00 -1.141207715377401399e-02 2.000000000000000000e+00
2.128460605680897899e+00 -3.710936598899201577e-01 3.000000000000000000e+00
8.337285842428681093e+00 7.523253552105000352e-01 2.000000000000000000e+00
9.437175848201398765e+00 1.332098192955953886e+00 2.000000000000000000e+00
4.003659893406436687e+00 -1.619548513656403621e+00 3.000000000000000000e+00
8.158818811263163440e+00 8.841579441693786512e-01 2.000000000000000000e+00
6.593147796405133043e+00 2.160921732721088340e-01 2.000000000000000000e+00
8.036127112488898661e+00 2.213375327697965744e+00 2.000000000000000000e+00
8.051124082492222556e+00 1.000354650155717451e+00 2.000000000000000000e+00
4.638201452753381027e-01 -5.969927576483009535e-01 3.000000000000000000e+00
1.664196611273526250e+00 -1.427056079013399925e+00 3.000000000000000000e+00
2.200385034799613226e+00 -7.099853435756255937e-01 3.000000000000000000e+00
7.357452007945986416e+00 2.419973408899898981e+00 2.000000000000000000e+00
7.777187300646484225e+00 -2.753837174868625226e-01 2.000000000000000000e+00
3.137952828552091233e+00 -2.279828537497559537e+00 3.000000000000000000e+00
3.483818468697267079e+00 -1.544790055299054110e+00 3.000000000000000000e+00
7.448238790758124672e+00 1.229566190428656780e+00 2.000000000000000000e+00
6.901212373812497525e+00 6.950100993137919847e-01 2.000000000000000000e+00
2.160508014999853899e+00 -3.142368688288419420e-01 3.000000000000000000e+00
2.622281285872151813e+00 -2.091521677181708005e-01 3.000000000000000000e+00
6.815165797623245147e+00 9.797623054198731918e-01 2.000000000000000000e+00
8.266361885193287407e+00 1.976896789107526420e+00 2.000000000000000000e+00
2.556096417164186896e+00 -1.382998069035783262e+00 3.000000000000000000e+00
8.684135670809581597e+00 1.341876821078887394e+00 2.000000000000000000e+00
2.162185536122405161e+00 -2.349770364551632129e-01 3.000000000000000000e+00
8.248914287106231313e+00 6.872654957781008100e-01 2.000000000000000000e+00
2.462998788329083588e+00 -1.564055116056968675e+00 3.000000000000000000e+00
7.453853965089979106e+00 3.360804595576097897e-01 2.000000000000000000e+00
1.443497373232393688e+00 -2.964798999152580272e-01 3.000000000000000000e+00
6.494353967388491355e+00 1.372907707821573453e-01 2.000000000000000000e+00
2.824751083063917978e+00 4.259992197409339099e-01 3.000000000000000000e+00
3.016264639674760328e+00 -5.938193581285026168e-01 3.000000000000000000e+00
2.996973316865321646e+00 -2.226205799253856199e+00 3.000000000000000000e+00
1.632581786716901462e+00 -9.357804509335735377e-01 3.000000000000000000e+00
6.287954776495919162e+00 1.080896820967115035e+00 2.000000000000000000e+00
3.440317147424405864e+00 -1.104168081784616229e+00 3.000000000000000000e+00
6.985190311318416612e+00 -2.734352242937232447e-01 2.000000000000000000e+00
4.329555001941499448e+00 -1.447250189440012047e+00 3.000000000000000000e+00
2.782892646199640385e+00 -4.162029744460421510e-01 3.000000000000000000e+00
7.718714689363103787e+00 7.327374431604729565e-01 2.000000000000000000e+00
2.777358245895550581e+00 -8.277444779629227201e-01 3.000000000000000000e+00
9.811765421969592893e+00 6.994062494263386665e-01 2.000000000000000000e+00
2.190807290721029865e+00 -1.135002264991905374e+00 3.000000000000000000e+00
2.006087541363034354e+00 -1.869409821107068659e+00 3.000000000000000000e+00
2.028056659256072258e+00 -1.076785648420967689e+00 3.000000000000000000e+00
2.319073656552893770e+00 -7.708534521013428176e-01 3.000000000000000000e+00
2.548923829588833456e+00 -2.982611230882508124e-01 3.000000000000000000e+00
1.601507169537632169e+00 -5.939824536351665518e-01 3.000000000000000000e+00
3.929423149376567004e+00 -2.697172196310752668e+00 3.000000000000000000e+00
9.362635720911727244e-01 -1.568425372934150186e+00 3.000000000000000000e+00
2.810402173176171914e+00 -1.880769023683491081e+00 3.000000000000000000e+00
7.653841055315155906e+00 2.796117517156926358e-02 2.000000000000000000e+00
3.803596335722082777e+00 -1.989124431966610151e-01 3.000000000000000000e+00
5.927566182324521371e+00 1.588956682314682567e+00 2.000000000000000000e+00
2.904874957561269788e+00 -2.092357663091830577e-01 3.000000000000000000e+00
2.375416202863294135e+00 2.051748321033450839e-01 3.000000000000000000e+00
5.970500030361211685e+00 1.039787216405743120e+00 2.000000000000000000e+00
7.947142975980958646e+00 3.034589893303875074e-01 2.000000000000000000e+00
7.709002032978556684e+00 7.375700019842093003e-01 2.000000000000000000e+00
1.541989140040724404e+00 -2.462367044826674345e+00 3.000000000000000000e+00
3.687485819627154271e+00 -1.267364762864099825e+00 3.000000000000000000e+00
8.421309829527162449e+00 7.982875123696367980e-01 2.000000000000000000e+00
3.839813187728939425e+00 -1.503090922081543379e+00 3.000000000000000000e+00
7.980146542211153715e+00 1.245517926752036431e+00 2.000000000000000000e+00
3.198998616591016031e+00 5.494421888189811032e-01 3.000000000000000000e+00
7.888943419888263975e+00 8.479719415822728479e-01 2.000000000000000000e+00
7.753726224196796579e+00 1.081185951030632753e+00 2.000000000000000000e+00
7.830239629236563914e-01 -1.425454480246852285e+00 3.000000000000000000e+00
8.261802351504268671e+00 8.544417468613079159e-01 2.000000000000000000e+00
2.957008688500667670e+00 1.626868963302106064e-01 3.000000000000000000e+00
8.408096390364798722e-01 -1.022684032224076667e+00 3.000000000000000000e+00
3.456043420269292454e+00 -3.040371201575055027e-01 3.000000000000000000e+00
