# x1, x2, y
-5.379654215238729442e-01 -3.486414952437123793e-02 1.000000000000000000e+00
-8.872306378457295306e-01 -4.188407455260255152e-01 0.000000000000000000e+00
-7.484662266232051664e-01 -6.889141120563626597e-01 0.000000000000000000e+00
-4.396244195918152520e-01 8.660970010514644768e-01 0.000000000000000000e+00
-2.780166580514499275e-01 3.782054818981084310e-01 1.000000000000000000e+00
-8.948817360792137299e-01 4.245833322013330413e-01 0.000000000000000000e+00
4.780499749595303327e-01 1.603374831003849532e-02 1.000000000000000000e+00
4.680891141609224704e-01 1.089679085447603224e-01 1.000000000000000000e+00
-4.810608543150998173e-01 -2.192191722681239019e-01 1.000000000000000000e+00
-7.273943393692352544e-01 7.512000965967646771e-01 0.000000000000000000e+00
9.248996769527001449e-01 4.300257401079627950e-01 0.000000000000000000e+00
3.996538859778902553e-01 -8.569326745775025511e-01 0.000000000000000000e+00
3.011083352128703927e-01 -4.128114388350482833e-01 1.000000000000000000e+00
2.599123832855496086e-01 -3.682000564762388239e-01 1.000000000000000000e+00
1.108192673488091751e-01 -5.071442944029743716e-01 1.000000000000000000e+00
9.511604873164654084e-01 -3.439252280549695007e-01 0.000000000000000000e+00
-1.375739684958558404e-02 -1.013048751904491951e+00 0.000000000000000000e+00
1.054157411255613574e+00 8.504330863049799211e-03 0.000000000000000000e+00
-4.525724784085434216e-01 1.738878267928443688e-01 1.000000000000000000e+00
4.085066052792167279e-01 -2.069869732841669585e-01 1.000000000000000000e+00
1.171587176880695275e-01 5.373288043502468803e-01 1.000000000000000000e+00
4.010414698381789544e-01 3.946896054104829243e-01 1.000000000000000000e+00
-9.759279931443419764e-01 -6.247897432954831881e-02 0.000000000000000000e+00
-4.448948973472198198e-01 -9.048308323921524510e-01 0.000000000000000000e+00
1.434139382203700012e-02 1.051493620926138073e+00 0.000000000000000000e+00
-3.970305455476699774e-01 -3.743806891504707912e-01 1.000000000000000000e+00
-2.022969702249955981e-01 4.322750177445154884e-01 1.000000000000000000e+00
4.367196679411303184e-01 9.451914787283857144e-01 0.000000000000000000e+00
-2.451796368400418757e-01 -4.708556555355813411e-01 1.000000000000000000e+00
6.016836926226853954e-01 6.871089984579774601e-01 0.000000000000000000e+00
7.582481189773034869e-01 -7.193941582929386236e-01 0.000000000000000000e+00
3.895461258578331617e-04 6.029929308731962756e-01 1.000000000000000000e+00
